      MDL_GF = 1.166379D-05
      AS = 1.181000D-01
      MDL_YMDO = 1.000000D-99
      MDL_YMB = 4.180000D+00
      MDL_YMT = 1.732000D+02
      MDL_YMTAU = 1.777000D+00
      MDL_LAMBDASMEFT = 1.000000D+03
      MDL_CHE = 3.000000D-01
      MDL_MW0 = 8.038700D+01
      MDL_MZ = 9.118760D+01
      MDL_MTA = 1.777000D+00
      MDL_MT = 1.732000D+02
      MDL_MB = 4.180000D+00
      MDL_MH = 1.250900D+02
      MDL_WZ = 2.495200D+00
      MDL_WW = 2.085000D+00
      MDL_WT = 1.508336D+00
      MDL_WH = 4.070000D-03
